Result of Z1 and Z2 is equal to:
[[ 2351  5662  9249 ...  3376  8350  6216]
 [ 4325  5180  8896 ...  7424  4602   919]
 [ 7326  5190  8023 ...  7625  1146  4098]
 ...
 [ 1751  1436 10006 ...   936  1494  3214]
 [11022  4957  7620 ...  1269  2178  6166]
 [ 2648  9613  1274 ... 12162  1344   963]]
Result of Z1 and Z2 is equal to:
[[ 4357  1760  3114 ...  9396  6851  5139]
 [ 9432  1626  3289 ...  1828  2856   603]
 [ 2425  7834 11464 ...  6966  8534  4264]
 ...
 [ 3211 12242  9012 ...   177  7320   619]
 [ 6066  7258  7368 ...  1068  4583  4944]
 [ 7218  3278  2340 ...  2362  6258  4564]]
Result of Z1 and Z2 is equal to:
[[ 6000 14238  2221 ...  4383 10381  3562]
 [ 9119 17181  8310 ...  8360  4409 12592]
 [ 7683  8418 11624 ...  7919  3054  7512]
 ...
 [ 6940  5371  9624 ...  2748  2688  4399]
 [ 6485  2064  2486 ...  3165  5862   633]
 [ 4742  5838  2760 ...  3034  5439  4953]]
Result of Z1 and Z2 is equal to:
[[  612  2401  3916 ... 10382  6695  7740]
 [13661  9029  8209 ...  4153   845  4704]
 [ 5116  2182  7184 ...  3851  2544  4430]
 ...
 [ 1010  5886  1610 ...  1420  4616  8942]
 [ 2449  4722  4978 ...  2421  6840  5926]
 [ 5059  2193  3878 ...  2837  4074  5026]]
Result of Z1 and Z2 is equal to:
[[ 3244  6682  5164 ...  7273  1695  3612]
 [ 8908  7764  5120 ...  1348  1889   654]
 [ 4191  4369  4950 ...  1942  4936  6022]
 ...
 [ 1819  7152  8888 ...  8201  1818 10974]
 [ 4400  1104  9021 ...  6715  3954 10452]
 [ 7326  3658  3161 ...  2784  8096  5534]]
Result of Z1 and Z2 is equal to:
[[3360 4187 4155 ... 2819 1000 5670]
 [2236 6721 6758 ... 2366  762 5818]
 [6352 4016 5877 ... 6742 5906 4663]
 ...
 [5106 7920 6463 ... 5680 1402 4674]
 [2286 4122 4481 ... 6534 6114 7202]
 [ 330 3802 7568 ... 5705 3548 5026]]
Result of Z1 and Z2 is equal to:
[[  323  5933  2898 ...  3376  3116  2906]
 [ 6305  2882  5166 ...  2724 10566  4395]
 [12279  6003  3846 ...  9942  6792  3186]
 ...
 [10560  6341  3307 ... 10163 12544  1277]
 [ 6876  4869  2637 ...  4306  6579  2100]
 [ 4551 13009  3561 ...  6607  1147  6037]]
Result of Z1 and Z2 is equal to:
[[11685  3384  8319 ...  4973  4634  2542]
 [ 5941  6856  7079 ...  2625  6545  7270]
 [ 1815   286  7040 ...  4581  2688  5672]
 ...
 [ 2400  5754  8540 ...  6436  7873  4006]
 [ 4523  5691  8151 ...  5524  8981  2247]
 [11667   600  7266 ... 10668  6216 10356]]
Result of Z1 and Z2 is equal to:
[[ 6271   718   572 ...  4340   522  7121]
 [ 8477  2135  2432 ...  4447  6299  3468]
 [ 2555  5160  3172 ...  6090  5312  2802]
 ...
 [ 3082 10085  1057 ...  4851  2253   494]
 [ 6279  5071  7663 ...  2074  8436  2194]
 [ 3655  4080 14040 ...  2913  5638  5775]]
Result of Z1 and Z2 is equal to:
[[ 1843  6253 10436 ...  5266  2269  1179]
 [ 3835  2856  3188 ...  5303  6900  7031]
 [ 3921  1112  3138 ...  6248  1568  7501]
 ...
 [ 8453  5565  5536 ...  3570 14652  5355]
 [  506  8612   366 ...  2812  4581  4792]
 [ 2644  9021  6356 ...  2628  3039  5636]]
Result of Z1 and Z2 is equal to:
[[ 4888  3226  1744 ...  8646  4568  4980]
 [ 2409  6544 10737 ... 10962  4854   503]
 [ 5035  5930  2035 ...  1523 10360 12858]
 ...
 [ 4927  4724  4960 ...  3612  5144  3078]
 [ 2091  7374  4554 ...  5557  9243  1672]
 [ 2922  4957  3610 ...  6909  2388  1765]]
Result of Z1 and Z2 is equal to:
[[ 2589  7906  2988 ...  2390 11882  3791]
 [ 3579  8827  7975 ...  7678   627   616]
 [ 6999  3850  6046 ...   741  2547  5905]
 ...
 [ 2265   577  8744 ...  1289  1114  3043]
 [ 6952  5879  1824 ...  4645  5040  3377]
 [  610  3818   867 ...  3042  3081  2754]]
Result of Z1 and Z2 is equal to:
[[ 4005 12544   726 ...  7994  3282 12178]
 [ 1334  9731  2539 ...  2034  9405  7587]
 [10313 10226  3059 ...  6915  7630  8354]
 ...
 [ 3481  1384 12027 ...  5235  5225  1042]
 [ 5874  6768  6462 ...  4671  1258   984]
 [ 1250  5739  4336 ...  7228  2700  6123]]
Result of Z1 and Z2 is equal to:
[[ 4862  6285  4527 ...  6542  6504  3244]
 [  635  5901  4173 ...  7189  5761  9783]
 [ 7796  1887  4107 ...  7728  8960  3789]
 ...
 [10858  2292  6680 ...  2922  3846  3944]
 [ 7791  2869  1704 ...  4202  8536  5584]
 [ 4257 12914  6928 ...  6412  7258   649]]
Result of Z1 and Z2 is equal to:
[[2483 4011  550 ... 6754 4376 1305]
 [ 436 1385 9320 ... 5300 6903 3437]
 [5083 2604 1620 ... 4827 2508 5771]
 ...
 [1590 1914 1095 ... 1010  753 7697]
 [1136 3370 7773 ... 5937 3021 6993]
 [4106 2346 5916 ... 8130 6489 8908]]
Result of Z1 and Z2 is equal to:
[[ 5252  8530  6090 ...  2280  6330 10258]
 [ 1568  4716  9175 ...  1509  2720  1863]
 [ 1050   247  4036 ...   701  1456  5451]
 ...
 [ 8189  2451 10570 ...  1118  2509  3614]
 [ 2405  2932   494 ...  7238  1124  8313]
 [ 8399  2244  4949 ...  4884  5622  1497]]
Result of Z1 and Z2 is equal to:
[[ 4525  5305  3600 ...  4546  4437  6136]
 [ 2061  1847 11625 ...  2440  1460  1025]
 [  944  5052  5253 ...  6568  8145   114]
 ...
 [ 7409 10637  5834 ...  2916  5323  5935]
 [ 5247 10222  5830 ...  6754  5010  7744]
 [ 2030  9902  4978 ...  9838  6684  4497]]
Result of Z1 and Z2 is equal to:
[[ 3874  1855  8834 ...  5568  5214  4901]
 [ 8227 15957  5096 ...  4826  8109  8710]
 [ 3123  6750  1130 ...  3693  7154  5535]
 ...
 [ 7992  5280  4574 ...   348  3220  7965]
 [ 7050   370  4858 ...  3887  3878  6224]
 [ 6382  8967 10734 ...  2572  2401  3538]]
Result of Z1 and Z2 is equal to:
[[  278  9657  1380 ...  7272  3395  1515]
 [ 9900  3900  1925 ...  6042  6572  5082]
 [ 2936  1673 14476 ...  4832  1572  6621]
 ...
 [ 4475   987   465 ...  8260  4866  1715]
 [ 7068  5280  1250 ...   634  6770  3954]
 [ 5565  7166  3504 ...  2010   721  9363]]
Result of Z1 and Z2 is equal to:
[[7286 6300 1316 ... 5337 4320 2268]
 [6113 5681 1616 ... 2501  476 4678]
 [6060 7525 7655 ... 6753 2464 4100]
 ...
 [6948 2444 3476 ... 5572  965 1941]
 [3960 5737 3797 ... 5441 7937 5556]
 [ 258 8156 3817 ... 7638 7071 3564]]
Result of Z1 and Z2 is equal to:
[[ 8702  4967  1856 ...  2669   960  4697]
 [11703  4516  4650 ...  4268  2856  2209]
 [11019  7926  4534 ...  3900  6534  6351]
 ...
 [ 7008  4789  7092 ...  2186  8309   722]
 [ 5028  8086  4260 ...  4034  2548  6495]
 [ 2796  2943  8820 ...  6656  2311  8881]]
Result of Z1 and Z2 is equal to:
[[ 7654  9428  3496 ...  8607  6010  3301]
 [ 5844  1509   986 ...  2010  5546  4425]
 [ 2980   772  4614 ...  9996  8862  1474]
 ...
 [ 1428  8082  3928 ...  3931  1128 12428]
 [ 8818  2532  1009 ...  7953  2198  1454]
 [ 7953  9999  5994 ...  5340   449  7074]]
Result of Z1 and Z2 is equal to:
[[ 4625 10067  4370 ...  6177  7593  8312]
 [  746  8016  2485 ...  4332  4266 10526]
 [ 2678  3703  3969 ...  2479  9396  3514]
 ...
 [ 6984  3871  2818 ...  9109  4733  6774]
 [ 5054  3379  3294 ...  7100  5648  7560]
 [  260  4473  2102 ...  2510  8090  3471]]
Result of Z1 and Z2 is equal to:
[[ 2230  2524  5904 ...  2823  6453  1703]
 [ 7742  4253  5703 ...  3908  3154  1806]
 [ 8002  5454  3410 ...  2035  4524  8033]
 ...
 [10272   931  2869 ...  2598 10519  3483]
 [16110  2075  3311 ...  9557  3976  2131]
 [ 6661  5879  3078 ...  5593  4626  8690]]
Result of Z1 and Z2 is equal to:
[[ 9562  4194   503 ...  9277   870  1626]
 [ 5110  7989  5702 ...  5318  3270  3941]
 [ 5130  2682  1380 ...  2662  3460  1748]
 ...
 [12615  9069  9280 ...  8819  8496  7818]
 [ 2235  3090  5186 ...  4335  8526  2154]
 [ 4380  3356  6005 ...  8433  5077  6275]]
Result of Z1 and Z2 is equal to:
[[ 2918  3735  2552 ...  7193  1570  2852]
 [ 5774  6372  3234 ...  3970  8821  2586]
 [10331  7179  4980 ...  1842  2432  6535]
 ...
 [ 7004  5784  6359 ...  6295  6072   425]
 [ 8146  4838  6497 ...  8470   859  2676]
 [ 7469  4674  3666 ...  1112  8982  2088]]
Result of Z1 and Z2 is equal to:
[[ 2075 10202  2519 ...  5190  6005  6746]
 [ 1377  1051  8750 ...  6747  3269  7754]
 [ 8060  9994  2438 ...  5517  6780 10214]
 ...
 [  552  7286  3708 ...  4851  1287  5420]
 [ 4682  2432  2377 ...  1116  7140  3516]
 [ 5474   922  6510 ...  3908 11424  9669]]
Result of Z1 and Z2 is equal to:
[[ 5630 11078  3379 ...  4314   677 14210]
 [  181  1229  2418 ...  2827  7688  1739]
 [  791 10240  2658 ...  5330  6874  8239]
 ...
 [ 5796 10933  3605 ...  2406   657  2609]
 [ 6920  1419  4923 ...  4599  4506  1673]
 [ 5162  5432  8670 ...  7656  5217   926]]
Result of Z1 and Z2 is equal to:
[[ 2951  5199   856 ...  1947  6034  6510]
 [ 2370   201  1903 ...  3390  3330  5212]
 [ 3302  2917  8939 ...   659 14499  2346]
 ...
 [ 4725  3371  5712 ...  2772  2295  2648]
 [ 2185  7460  3009 ...  4892  1847  8935]
 [ 5448  3240  2178 ...  2868  1441  9675]]
Result of Z1 and Z2 is equal to:
[[ 3174  1777  7416 ...  5891   650  3904]
 [ 1074  2430   170 ...  8403  8792  1377]
 [ 5526  4155  4206 ...  8249  8225  1024]
 ...
 [ 8567  4741  6354 ...  2929  4744  4131]
 [ 3080  4914  1497 ... 12955 12189  7356]
 [ 6315  2868  6368 ...  3021  3837  5856]]
Result of Z1 and Z2 is equal to:
[[ 4056  8038   615 ...  3396  2636   842]
 [ 3624  2070  1807 ...   914  3771  3996]
 [ 6318  9859  2667 ...  3664  2564  6874]
 ...
 [ 3972  3190   718 ...  1302  6388  4839]
 [ 1879   920  6529 ...  3796 10444   864]
 [  812  1924  4848 ...  1476  5616  3090]]
Result of Z1 and Z2 is equal to:
[[ 8718 14240  1666 ...  5183  4992  3958]
 [ 1236  7520  7151 ...   602  3585  8358]
 [  365  4642  7946 ...  4673   674  2808]
 ...
 [ 8307  4674  7066 ...  2387  6411  6242]
 [  979  6450  5525 ...  2790  3004 10654]
 [ 9243  4224  2232 ...  3992  1398  6568]]
Result of Z1 and Z2 is equal to:
[[ 6012  1494  2632 ...  2299  2848   908]
 [ 6072  3578  7056 ...   183  9708  9173]
 [ 3210  6846   359 ... 13144  7902  6800]
 ...
 [ 4004  7918  3543 ...  1428  5778  1548]
 [ 1556  7524  4012 ...  2496  1855 10442]
 [ 6144  8526  4985 ...  3803  3914  1981]]
Result of Z1 and Z2 is equal to:
[[ 3694  2198 11240 ... 11073  5820  8585]
 [ 7596  7785  4762 ...  2305  3695  5152]
 [ 5093  3825  5436 ...  1176   359  2430]
 ...
 [ 8374  2565  1498 ...  7407  2329  2122]
 [  711   741  1542 ...  9425  5375  8250]
 [ 4987  6076  2282 ...  8210  2236  3145]]
Result of Z1 and Z2 is equal to:
[[ 3226  2313  6238 ...  9894  6692  4032]
 [ 1945  2666 10696 ...  3361  1971 10488]
 [ 5017  8100  2429 ...  4732  3736  3972]
 ...
 [  177  9808 12174 ...  4291  3659  9003]
 [ 3846  8411  5901 ...  1873 10758  2512]
 [  560  2153  8400 ...  3660  1646  3769]]
Result of Z1 and Z2 is equal to:
[[ 1562  5568 10209 ...  2026 11310  8031]
 [ 3512  4293  6544 ...  3998 11981 11396]
 [ 1048  2559  7709 ...  8018  3292  1510]
 ...
 [ 2508  7680  8603 ...   796  4123  4340]
 [ 1609  7043  6114 ...  6958  9394  2530]
 [ 4054  6185 10897 ...  1764  4893  2850]]
Result of Z1 and Z2 is equal to:
[[ 7131  9061  2295 ...  1933   762  4976]
 [ 2802  8273  9915 ...   901  2606  1476]
 [ 1281  1453  8164 ...  7110  5981  4885]
 ...
 [ 7185   830 10415 ...  1256   618  2370]
 [ 4523  3471  7550 ...  7006  1089   782]
 [  790  8077  9151 ...  2565 11925  1987]]
Result of Z1 and Z2 is equal to:
[[ 3254  2106  5820 ...  1151  6223  3784]
 [ 2868  8721 12492 ...  4861  8098  3595]
 [ 4457  6420   896 ...   264 10484  1060]
 ...
 [ 7886  3114  3353 ...  3908  5350  1488]
 [ 3436  9864  3294 ...  5852  6820  6475]
 [12053  8105   832 ...  3860  4548  3436]]
Result of Z1 and Z2 is equal to:
[[ 7268  9564  3145 ...  1604  1405  6536]
 [ 2210  3771  3483 ...  5703  1853  6542]
 [ 2337  1833  5488 ...  3808  4660  7930]
 ...
 [10723  3186  4892 ...   972  3360  3192]
 [ 6195   558  4779 ...  4711  3014  9579]
 [ 7833   365  9119 ...  4658 10052   346]]
Result of Z1 and Z2 is equal to:
[[ 4629  4465  5320 ...  4125  5628   661]
 [ 1282  5867  8177 ...  3820  3456   140]
 [ 4190  1466  3018 ... 10336  4293  8318]
 ...
 [ 6266   384  4014 ... 10500  6458  7883]
 [ 3751 10930   784 ...  7905  6272  3570]
 [ 4381  2363  4095 ...  4318  6810  5698]]
Result of Z1 and Z2 is equal to:
[[ 1179  4140  8225 ...  6608  1575  9100]
 [ 3866  6438  4652 ...   444  2387  5875]
 [ 9196  9325  3135 ...  4748  2773  8877]
 ...
 [ 9054  3800 13434 ...  5304 11402  2250]
 [ 5447  4964  7625 ...  3716  2501  7368]
 [ 1938  1925  7024 ...  3600  4002  7656]]
Result of Z1 and Z2 is equal to:
[[6535 7171 5412 ... 8511 5105 2099]
 [1332 5268 4676 ... 7918 2345 3756]
 [5802 3056 8074 ... 1604 5376 1052]
 ...
 [2979 1684 1895 ... 4498 5013 3359]
 [ 124 5444 3395 ... 7725 8468 2253]
 [8661 1483 4310 ... 4611 5444 1982]]
Result of Z1 and Z2 is equal to:
[[ 5138  4582  2954 ...  5507  1366  3075]
 [ 2396  4533   160 ...  5412  6471  2625]
 [ 4459  5040  6836 ...  9235  7441  6351]
 ...
 [ 5945  3784  6832 ...   681  4549  1917]
 [11417  3148   950 ...  4112  5798  6762]
 [ 6258  5245  6259 ... 11262  3207  5266]]
Result of Z1 and Z2 is equal to:
[[ 3095   672  3596 ...  9467  4842 12108]
 [ 7560  6026  5736 ...  5261  5371  5678]
 [11556   808  3730 ...  1330  7639  6630]
 ...
 [ 8993  3654  8669 ...  2334  2786  1711]
 [ 5730 10592  2115 ...  3604  3198  8388]
 [11966  7598   454 ...  7040  1928  1469]]
Result of Z1 and Z2 is equal to:
[[ 7978  1958 11432 ...  4347  4226  4335]
 [ 6151  1562  6432 ...  2066  3353  4938]
 [ 3720  5750  2836 ...  4955  4968  5540]
 ...
 [11007   868  3148 ...  4298  6110  2618]
 [ 5585 10005  4922 ...  2523  5488  3029]
 [ 2499  4838  3313 ...  7464  3623   409]]
Result of Z1 and Z2 is equal to:
[[ 1746  3464  6365 ...  1700  8886  3363]
 [ 3168  2522  8653 ...  3118  6191  1899]
 [ 3989  1516  6113 ...  7433 11883  4063]
 ...
 [ 3893  1232  3239 ...  4956  1444 13181]
 [ 8298  7257  2474 ...   296  5916  4642]
 [ 4044  4157  7296 ...  4500  3036  9761]]
Result of Z1 and Z2 is equal to:
[[7301 6054 3100 ... 9370 1606 4525]
 [8454 4404 3970 ... 3488 4732 2212]
 [3676 4371 4505 ... 8645 9045 4097]
 ...
 [6738 2166 8086 ... 3440 3932  705]
 [8210 4251 2832 ... 9627 7086 8673]
 [7182 1848 3150 ... 2622 7044 2633]]
Result of Z1 and Z2 is equal to:
[[ 4498  6528  2442 ...  5350  5642  3132]
 [10446  4972  6960 ...  3996  9942  3954]
 [ 5380  3397  5861 ...  4504 10675  1545]
 ...
 [ 4645  3154  9934 ...  4338  1680 11271]
 [ 3999   188  9210 ...  3129  5902  2086]
 [ 8796  2252 11712 ...  1008  1554  4105]]
Result of Z1 and Z2 is equal to:
[[ 3630  5605  4140 ...  9555   765  6812]
 [ 5336   561  2997 ...  6652 10044   138]
 [ 3904  1352  6998 ...  2762  1219  5762]
 ...
 [ 2895  1267  2728 ...   918  7478  2519]
 [10542  5282  2193 ...  2842  6276  2581]
 [  318   893  7528 ...  4877  6997  1252]]
Result of Z1 and Z2 is equal to:
[[ 9585  7207  4386 ...  6018  3516  2352]
 [ 3603   693  5154 ...  1302  8827  3326]
 [ 4545  4446  5985 ...  8189  4283  9205]
 ...
 [ 5123  3302  7313 ...  7346   756  3239]
 [ 1941  4110  4176 ... 13331  7486  1565]
 [ 3174  3819   824 ...  1534  3223  1916]]
Result of Z1 and Z2 is equal to:
[[ 3423  9226  4630 ...  9690  2592   998]
 [11540  5526  5490 ...  3201  4203  3222]
 [ 2385  9280  3325 ...  8832  4147  4806]
 ...
 [ 6100  9361  8737 ...  2094  4216  4002]
 [ 4756  4248  4434 ...  8108  6726  2124]
 [10402   928  4370 ...  2432 10140 10259]]
Result of Z1 and Z2 is equal to:
[[ 5857  2368  4084 ...  1782  1849  4268]
 [ 5732  5421  1429 ...  5965  4661  4175]
 [ 5923  2389 11866 ...  2168  7030  8736]
 ...
 [ 6600   742  8385 ...  3132  8760  5688]
 [ 2740  9871  9579 ...  4318  3942  3249]
 [ 5560  8705  6405 ...  7714  5602  1748]]
Result of Z1 and Z2 is equal to:
[[5265 7734 6146 ... 5056 1438 3760]
 [9742 2962 4565 ... 3344 6294  951]
 [ 942  296 1179 ... 4328 8677 4066]
 ...
 [6928 6435 8396 ...  954 8460 5134]
 [1546 4099 8229 ...  876 7020 2219]
 [3411 4605 3941 ... 1276 4294 1023]]
Result of Z1 and Z2 is equal to:
[[ 4713  4782  6182 ...  2632  2188  1169]
 [ 4373  2602  1324 ...  4367  2772  9954]
 [ 5068  8046  5812 ...  3540  2863  9098]
 ...
 [ 8184  1690 11256 ...  3056  9849  1664]
 [ 8308  5454  2030 ...  5910  4618  7499]
 [ 2748   400  5971 ...  8212 10086  1485]]
Result of Z1 and Z2 is equal to:
[[ 3074  2123  5580 ...  5543  6465  1046]
 [ 5335  7359  1573 ...  8212  5916 13416]
 [ 6862  1776 12263 ...  1000  5956  4920]
 ...
 [ 1392  6984  1266 ...  8168  1818  5981]
 [ 5740  2600  9324 ...  6621 11909  2772]
 [ 1984  9736  3545 ... 10129  2510  1800]]
Result of Z1 and Z2 is equal to:
[[ 2619  3020  5179 ...  5569  3636  7365]
 [ 2039  8576  9840 ...  2274  8478  5915]
 [ 5818  8777  2690 ...  6060  3903  7213]
 ...
 [ 8040  4536  4179 ...  4642  3447  4574]
 [ 2868  3575  3090 ...  8001  3300  7425]
 [ 4944 11877  9560 ...  4092  3588  7798]]
Result of Z1 and Z2 is equal to:
[[8932 4364 7483 ...  920 6256 7224]
 [8863 8618 5198 ... 6422 4482 1995]
 [5406 9068 7865 ... 1205 3856 7651]
 ...
 [1032 1761 2051 ... 3315 5542 3514]
 [6291 7899  297 ... 4955 7896 5679]
 [1140 8553 6814 ...  366 7028 7019]]
Result of Z1 and Z2 is equal to:
[[ 8072  7860  1016 ...  4554 16890  4101]
 [ 3154 11817  6935 ...   338  2975  5054]
 [ 5706  2106  2354 ...  6840   888   598]
 ...
 [ 1180  1938  6308 ...  8847  1978  3508]
 [ 6381  4481  1708 ...  6736  1604  2964]
 [ 6951  7052  7772 ...  4575  3901  3004]]
Result of Z1 and Z2 is equal to:
[[ 2750  5515 12702 ...  3440  2531  6005]
 [ 2518  1153  6099 ...  2176  8894  4171]
 [ 2600  2273  3437 ...  3741   549  4554]
 ...
 [ 4764  7196  7627 ...  6435  5500  2592]
 [ 4844  8064  4848 ...  1408  1877  5032]
 [ 2064  7030  2735 ...  5050  8343  6039]]
Result of Z1 and Z2 is equal to:
[[ 1243  6128  1818 ...  5952  1693  6659]
 [ 4923  2588  4319 ...  3908  6834  3526]
 [ 4742  3807  3469 ...  6552   490  3436]
 ...
 [11172  7626  5667 ...  5738  9092  5980]
 [ 1618  2996  3838 ...  3537  3716  6104]
 [ 8169  2988  6055 ... 11466  6889  6988]]
Result of Z1 and Z2 is equal to:
[[ 4545  2120   684 ...  1341   783  6774]
 [ 5902  7848  3177 ...  5904  9639  7920]
 [ 2104  4628  4659 ...  3172  5709  5354]
 ...
 [ 7394  4532  6789 ...  3010  6450   999]
 [ 1955 15017  9540 ...  6722 11119  1935]
 [ 4731  3570 12081 ...  1829  4314   360]]
Result of Z1 and Z2 is equal to:
[[ 4994   598   780 ...  1507  2658  5654]
 [  515  5629  3987 ...  6454  8484  2898]
 [ 8362  4274  4507 ...  6318  2808  3807]
 ...
 [ 4346   964   842 ...  8323   841  2476]
 [ 5226  2160   866 ... 12687  6160  6260]
 [ 5935  5146  2325 ...  6783  8182   635]]
Result of Z1 and Z2 is equal to:
[[ 3607  7432 11327 ...  8642  9431  5932]
 [ 1748  1819  3837 ...  7781  5313   715]
 [ 8795  3169  4090 ...  3684  5842  2030]
 ...
 [ 6873  1760  8620 ... 15151  7210  7842]
 [ 2360  4911  4578 ...  1680  8364  2588]
 [  633  6605  1422 ... 10017  4772  3750]]
Result of Z1 and Z2 is equal to:
[[10502  9835  9392 ...  4520   813  6360]
 [ 5286  2418  2699 ...  3007  5958  6128]
 [ 1099  9132  2227 ...  5288  5571  9266]
 ...
 [ 5786 11949  7362 ...  5904 13234  1733]
 [ 1155  1373  1907 ...  2030  6877 11359]
 [ 3718  4460  6113 ... 10213  2818  6583]]
Result of Z1 and Z2 is equal to:
[[ 8161  5300   370 ... 11191  6890  7986]
 [14062  5624  1200 ...  2556 10801  4182]
 [ 4742  3975  2932 ...  8664  3490  2478]
 ...
 [ 5073  7370  4842 ...  4822  1612  2334]
 [ 3840  3862  1696 ...  4626   762  3836]
 [ 3362  4236  6606 ...  5554  1956 13713]]
Result of Z1 and Z2 is equal to:
[[6148 7352 1324 ... 4520 3653 6947]
 [1503 7296 2642 ...  709 2188 8775]
 [4719 1192 5672 ... 8506 2493 7998]
 ...
 [7577 3839 1886 ... 5636 2169 9569]
 [2583  686 4048 ... 2034 4527 3614]
 [4236 2841 2539 ...  213 2489 9752]]
Result of Z1 and Z2 is equal to:
[[10530  7234  2602 ...  6765  8377  8157]
 [  696  2089  1516 ...  6842   996  3378]
 [ 3233  4632  1873 ...  3252  8424  9341]
 ...
 [10776  7350  7374 ...  3822  2349  1618]
 [ 6536 14707  3909 ... 13625  8211  9192]
 [ 7494 10447  3586 ...  4439 11535 13110]]
Result of Z1 and Z2 is equal to:
[[ 3642  5004  3169 ... 12532  6592  2560]
 [ 5124  3319   516 ...  7310  5340  4188]
 [ 1966  7342  8562 ...  6265  3595 11956]
 ...
 [12699  1361  7839 ...  4638  3208  2673]
 [ 6801  4296  5400 ...  4576  5861  4106]
 [  225  3609  6328 ...  3847  9499  3723]]
Result of Z1 and Z2 is equal to:
[[ 3927   412  5194 ...  1560  4913  3574]
 [ 3886 16077  4062 ...  5892 11420  4769]
 [11725  6454  3637 ...  9842  4511  9100]
 ...
 [ 1348  3243  5310 ...  8724   637  2040]
 [ 4556   707  4958 ...  7557  5937  3296]
 [ 6973  1035  2326 ...  5093  2796  3574]]
Result of Z1 and Z2 is equal to:
[[ 1159  1854  2637 ...  5573   609  1980]
 [ 4856  1134  3872 ...  2679  6143  6261]
 [14439  3132  1140 ...  3667  6754  2391]
 ...
 [ 7089  2962  6798 ...  2492  3405  9931]
 [ 1824  7756  2017 ...  2168  8271   910]
 [ 7440  4710  4209 ...  8720  7800  6948]]
Result of Z1 and Z2 is equal to:
[[ 6021  4746  5634 ...  4758  1947  1846]
 [ 3174  8054  1375 ...  6170  1430 10480]
 [ 4192  7009  7617 ...  2122 11526  4907]
 ...
 [ 3179  7796  3488 ...   800  5546  7260]
 [ 2301  6283  5635 ...  3908 14863  8458]
 [ 7228  7287 13614 ...  1938  1550  3036]]
Result of Z1 and Z2 is equal to:
[[10376  3631  1910 ...  1632  1287  2543]
 [ 1446  1830  4481 ...  2613  2450  8640]
 [ 1542  2308  1756 ...  5688  4036  2851]
 ...
 [ 2221  1920  7412 ...  5568 10920  8354]
 [ 2259 12479  4624 ...  4474   872 10942]
 [ 4012  3576  7327 ...  2304  1085  6321]]
Result of Z1 and Z2 is equal to:
[[ 1434  2787  4202 ...  8734  3180  2048]
 [ 3960  7681  3401 ...  4058  3936  4902]
 [ 5750  5376  5460 ...  6603  1850  5306]
 ...
 [ 3456  5670  3780 ...  2588  7902  5852]
 [ 6251  5763  1837 ...  8515  2082 11172]
 [ 4020  5094  4403 ...  4142   272  5992]]
Result of Z1 and Z2 is equal to:
[[ 6064  1326  9082 ... 13511  4032   676]
 [ 9906  2438  4763 ...  4183  3605  9352]
 [  465  3504  9118 ...  5248  3411  7685]
 ...
 [ 7596   227  8470 ...  1532  5721  1190]
 [ 1125  7633  2447 ...  3234 10276  7943]
 [12240  1244  3642 ...  1898  5885  7326]]
Result of Z1 and Z2 is equal to:
[[ 3075  8258  8354 ...  5719  1561  5363]
 [ 5437   264  7192 ...  5865  8240  6101]
 [ 3374  6497  3458 ...  2869  3160  3340]
 ...
 [ 4123  1835  1455 ... 12453  5972  4910]
 [ 2172  5096  1386 ...  7118  6314  5086]
 [ 8420  5055  7415 ...  9980 10929  9081]]
Result of Z1 and Z2 is equal to:
[[ 3075  3978  9037 ...  4432  8233 12083]
 [ 2390  5498  8230 ...  4466  2195  7327]
 [ 3910  5938  7855 ...  8234  8036   750]
 ...
 [ 1931   343  6698 ...  1828  1991  6338]
 [ 2431  9538  9604 ...  1959 11572  8664]
 [ 1904  9940  2420 ...  1078 11165  2492]]
Result of Z1 and Z2 is equal to:
[[11169  3740  2418 ...  2264  6225  2918]
 [ 7879  4884  3608 ...  6391  7667  8551]
 [  651  1670  1022 ...  5036  2019  7206]
 ...
 [ 4052  7703  5131 ... 11900  4691  1312]
 [12311  9118  6933 ...  3552   441  2084]
 [ 1599  1996  7024 ...   703  4144  5278]]
Result of Z1 and Z2 is equal to:
[[ 5345  4336  6374 ... 10762  1266  1156]
 [ 8084   478  6336 ...   784  3988  8300]
 [  684  7252  4659 ...  5169  7609  4890]
 ...
 [ 5314 13854  5817 ...  2906  5530  3872]
 [ 2537  6793  4620 ...  5552  6456  9988]
 [11281  3877   911 ...  2388  6475  6288]]
Result of Z1 and Z2 is equal to:
[[ 3417  2519 10122 ...   357  1938  6813]
 [ 8321  3425  1695 ...  4708  3244  4929]
 [ 1722  4860  4835 ...   742  1893  2212]
 ...
 [ 5836  6972  4352 ...  7822  5220  7748]
 [ 8460 11907  8064 ...  7406  3970 11918]
 [ 4801  1132   910 ...   930 10064   751]]
Result of Z1 and Z2 is equal to:
[[ 4154  3853  2754 ...  1557  2892   778]
 [ 4144  3793  1767 ...  8907   223  6037]
 [10468  1416  3050 ...  3984  7703  8910]
 ...
 [ 7043  3564  3366 ...  7277  5922   945]
 [ 4653  7045  8583 ...  6620  4256   588]
 [ 3301  2766 11826 ...  1673  3296  1902]]
Result of Z1 and Z2 is equal to:
[[ 5035  3925 11343 ...  6070  7394  8866]
 [ 1378  2617 10780 ...  3670  2777  6544]
 [10074  3274  8114 ...  3032  2740  7280]
 ...
 [ 8842  3663  4219 ...  3025  2560  4959]
 [ 1572  7368  9490 ...  1200  9801  7480]
 [ 6368  5984  2211 ...  1918  2184  7458]]
Result of Z1 and Z2 is equal to:
[[ 9222  5717  2528 ...  2359  6144   665]
 [ 5744  4035  4176 ...  6953   820 13936]
 [ 9512  1185  2404 ... 10575  6818  2223]
 ...
 [ 4275  4604   996 ...  4692  5723  2607]
 [ 8134  4709  3935 ...  6534  5870  6144]
 [ 7362  4149  3770 ...  8265  3311  3228]]
Result of Z1 and Z2 is equal to:
[[5438 9997 4579 ... 6096 5588 1052]
 [3516 1899 6240 ... 5472 7105 9840]
 [8108 3596 9491 ... 1583 9974 4045]
 ...
 [4931 2189  285 ... 4318 6744 1865]
 [6330 3902 1090 ... 2898 1687 2188]
 [2100 5190 9144 ... 3325 2655 2490]]
Result of Z1 and Z2 is equal to:
[[  337   491  3440 ...  3428  2438  3366]
 [ 1386  3284  5403 ...  7423   729  3122]
 [ 9101  2551  2416 ...  5307   765  2832]
 ...
 [ 2522  2604  2640 ...  3011 11297 12598]
 [ 1444  7850  3619 ...  1990  3528  3338]
 [ 2619  4280  4028 ...  5067 12673  2248]]
Result of Z1 and Z2 is equal to:
[[ 3843  7400  1259 ...  4171  8975  4032]
 [ 4822  9536 12792 ...  8557  1880  1073]
 [ 1975  7137  2736 ... 10378  7564  1505]
 ...
 [ 5605  2733  1482 ...  3566   925  3810]
 [ 1776 10084  6404 ...   555  5027  3096]
 [ 1234  3684  3990 ...  6341  3360  7701]]
Result of Z1 and Z2 is equal to:
[[ 3958  3161  5040 ...  6461 10325  1741]
 [ 2586  6651   243 ...   788  2486  3246]
 [ 3279  3316 10672 ...  4140  2425  2253]
 ...
 [ 3236  9367  4220 ...  1808  4127  6789]
 [ 2924  3245  6278 ...  5566  1726  8484]
 [ 7984  4630  9348 ...  4302  3173  3832]]
Result of Z1 and Z2 is equal to:
[[7131  862 4125 ... 8276 2288 5705]
 [ 712 6601 2996 ... 3920 1354 4670]
 [4764 4842 6508 ... 2364 4458 7851]
 ...
 [2007 7373 4555 ... 9842 6805 8886]
 [2757 1088 4312 ... 6392 7118  966]
 [2157 3354 7084 ... 9019 2193 2653]]
Result of Z1 and Z2 is equal to:
[[ 6480  1000  4090 ...  2852  8189 11226]
 [ 9065  6580  4301 ... 12258  2172  4097]
 [10036  5412  5552 ...  5298  6432  1954]
 ...
 [ 9908  8731  5020 ...  6628   765  4003]
 [ 5027  5232  7308 ...  4578  3296  6160]
 [ 6252  4219  3462 ...  3561  8192  4905]]
Result of Z1 and Z2 is equal to:
[[ 1917  4284  3662 ...  8384  1297  2178]
 [ 3320  5259  1069 ...  1930  2140  1500]
 [ 2760  3871  6129 ...  7754  1964  5174]
 ...
 [ 8645  8982  3465 ...  5124  1674   795]
 [  744  3756  4490 ... 10051 11217  4550]
 [10193  4665   403 ...  2165   632  4092]]
Result of Z1 and Z2 is equal to:
[[2100 8948 4538 ... 5904 4600 7122]
 [4018 1238 7605 ... 2010  606 5572]
 [3558 5082 2935 ... 4820 3320 1485]
 ...
 [ 717 3682 1859 ... 3398 9121 1723]
 [ 728 5651 3640 ... 6384 3122 3500]
 [8797 8112 2206 ... 7634 5476 5093]]
Result of Z1 and Z2 is equal to:
[[ 6506  4588  2072 ... 11325   570 11361]
 [ 2400   482  4517 ...   568  9642  6118]
 [ 7203  1988  4926 ...  1811  6900  7231]
 ...
 [ 4478  7028  4747 ...  7613 13494  3990]
 [ 6188  4504  5158 ...  1869  1304  5018]
 [ 1332  4339  5674 ...  4257  4387  4345]]
Result of Z1 and Z2 is equal to:
[[ 1231  2642  2813 ...  4630  9455   213]
 [ 5098  2527  7740 ...  3292  1882  2102]
 [ 5326  5659  3168 ...  9016 13943  4101]
 ...
 [ 1790  5162  3440 ...  4776  1020   278]
 [ 8697  6402  1200 ...  7228  2601  3195]
 [ 6781  5520  3364 ...  1788  6397  8277]]
Result of Z1 and Z2 is equal to:
[[1093 8094 3772 ... 7753 2176  775]
 [5868 4465 1370 ... 4990 4342  198]
 [5712 6312  890 ... 1034  976  297]
 ...
 [4876 2801 9100 ... 3098 4733 7764]
 [8596 4258   98 ... 3708 1745 5452]
 [4749 1788 8048 ... 4874 6118 5484]]
Result of Z1 and Z2 is equal to:
[[ 3464  9923  9932 ...  3630  2162  6768]
 [ 3632  3529  9367 ...  4087  3320  3531]
 [  380  6476  2855 ...  5494  1736  3466]
 ...
 [ 3594  9920  6000 ...  2242  8365 11264]
 [ 1275  6755 12003 ...  2823  6986  2170]
 [ 1019  3002  8751 ...  3612  5463  7025]]
Result of Z1 and Z2 is equal to:
[[ 6292  8038 11652 ...   294 11806  2366]
 [ 6777  3317  7830 ...  6109  5540  4629]
 [ 3072  6498   620 ...  8197  5568   892]
 ...
 [ 2790  9228  3668 ... 10866  4938  6468]
 [ 1358  8177  1260 ...  4304  5434  4049]
 [ 4805  6387  4778 ...  2588  8569  6729]]
Result of Z1 and Z2 is equal to:
[[ 1773  8142  3232 ...  5565 11599  4728]
 [ 9018  1800  1323 ...  3092  4410  1949]
 [ 7134  4653  6250 ...  3436  6462  1449]
 ...
 [ 6455  7380  1597 ...  4872  5187  4965]
 [ 2504 10502  1749 ...  2635  4670  2244]
 [ 2574  1517  4789 ...  4848  6130  1193]]
Result of Z1 and Z2 is equal to:
[[ 8792  7884  2996 ...  7953  6281  3080]
 [ 2535  3207  3155 ...  1600   379  1895]
 [ 4661  6454  7136 ...  1736  9827  5577]
 ...
 [ 1264  3410  9504 ...  2214   132  7530]
 [14311  3132  2448 ...  2898 13728  4573]
 [ 8061  4266   311 ...  2212  3313  3733]]
Result of Z1 and Z2 is equal to:
[[ 7150   376  1595 ...  3020  4227  1386]
 [ 2500  5021  2082 ...  5667  3854  2616]
 [ 8898  7781   417 ...  4920  2362  3448]
 ...
 [ 1866  2847  3294 ...  6561  4284  9365]
 [ 2680  7940  4298 ...  3047  2555  7385]
 [ 8754  5007 11639 ...  9366   524   887]]
Result of Z1 and Z2 is equal to:
[[  421   728  2112 ... 10434  3306  1736]
 [ 8060  8170  3540 ...  3334  7839  1878]
 [ 6050  1915  2724 ... 12124  2222   927]
 ...
 [ 2648  3818  4314 ... 14450  9879 10324]
 [ 2438  3535  1156 ...  3290 10208  9356]
 [ 5143  9335  1176 ...  5260  7763  1194]]
Result of Z1 and Z2 is equal to:
[[ 2871  6149  5706 ...  5744  7738  6445]
 [ 6756  9105  5677 ...  6536  9043  6062]
 [ 9228  4938  2163 ...   674 18910  4086]
 ...
 [ 5757  5357  9146 ...  5650  7048  6808]
 [  837  2288  4590 ...  8304  4652  8939]
 [ 4173  5971  7906 ...  8092  5643  1674]]
Result of Z1 and Z2 is equal to:
[[ 3601  8701  3410 ...  7486  5180   297]
 [  349  1386   300 ...  2617  4976  2263]
 [ 1676 13197  2616 ...  5749  2947  2758]
 ...
 [ 6503  6849  5240 ...  2921  1575 10137]
 [ 7244  8536  9659 ... 10976 10816  1294]
 [10470  6882  1928 ...  4594  2618  1639]]
Execution time: 0.2786092758178711 Seconds
